gap,seed_num
0.005499062163892177,1
0.0024789553978195045,2
0.011317128425034184,3
0.0016538440349904704,4
6.394884621840902e-13,5
0.015483414912893068,6
0.0016258819802885682,7
0.000844235850436803,8
0.01918111694239144,9
3.552713678800501e-13,10
0.003825670726456565,11
0.004383264045415558,12
0.00848471087979874,13
0.00028735713542005215,14
0.004437447259519445,15
0.010443079063307437,16
0.00882652658712857,17
0.0065615780054884,18
0.004243463868050412,19
0.0042379196872275315,20
0.0004444606636440085,21
0.002476525606255109,22
0.011687164974020448,23
0.023561445485029253,24
0.0008040984077126723,25
0.008614909855708675,26
0.0024811588168631715,27
0.00532505903882452,28
0.00388127775639191,29
0.005874033521294564,30
0.006086924410880101,31
0.0007881565408496272,32
0.009291861277816338,33
0.01280272534903304,34
0.009053654722521287,35
0.021389463529303043,36
0.00032556664555727366,37
0.00877897895347246,38
0.009887458678534244,39
0.00208783507498822,40
0.008767659670027683,41
0.004709162400757805,42
0.013427078565641182,43
0.004336550166371467,44
2.219735506514553e-11,45
0.002910824852847327,46
0.017992358344073978,47
7.303914722456284e-05,48
0.004347103419362952,49
0.032672080552103466,50
0.004254979163434314,51
0.0023983785229688692,52
0.003845791367822926,53
0.002856382538382718,54
0.002907138833393219,55
0.00892161745929343,56
0.004888159800927383,57
0.022183633789310875,58
0.006075940438080352,59
0.015988526829261218,60
0.00552404022613473,61
0.004601302441130883,62
0.0028920275905903736,63
0.004427100093920444,64
1.4422596450458514e-10,65
0.0008205894315267415,66
0.0043418868886675455,67
2.3078428057488054e-11,68
0.0019741393468137858,69
0.007092420876915639,70
0.004890667947265115,71
0.10245550779502821,72
0.03566167194405523,73
0.003297280564368066,74
0.00906736267624808,75
0.0037846153741583066,76
0.0003312478887096404,77
0.000849240518419947,78
0.003902048125212332,79
6.536993168992922e-13,80
3.268496584496461e-13,81
0.021919288650991575,82
0.0025058800897284073,83
0.008159053120266435,84
0.0015545505099083812,85
0.019445407308552376,86
0.007285728055592244,87
0.0011012973008917015,88
0.008044253176208827,89
0.013666338346368434,90
0.005279203455756942,91
0.0008261609820436888,92
0.0032414896380288383,93
5.400124791776761e-13,94
0.0009337586850506341,95
0.005401997994866292,96
0.0231564133473654,97
0.007904465294174656,98
0.0038621393047577612,99
0.0035416934243812648,100
0.013568870331141625,101
1.1226575225009583e-12,102
0.0008809365723578821,103
0.018042989215672378,104
0.019084258270211762,105
0.0013655466201214495,106
0.005186501907772367,107
0.00668860800146831,108
0.012291122782102093,109
0.0007155115404202661,110
0.004789038663247425,111
0.012465576685244173,112
0.002709003757772166,113
5.1230295810000825e-05,114
0.004270969475768993,115
0.0073076859698062435,116
8.742733145084003e-05,117
0.007709422433961777,118
0.00013919068634038467,119
0.002491269527837403,120
0.002421625615838252,121
0.004515125413831811,122
0.007386824148298388,123
0.004711124865806937,124
0.013875724968201553,125
8.526512829121202e-14,126
0.007848382241533614,127
0.0010557823383123832,128
5.684341886080801e-13,129
0.004115192850534299,130
0.00809689111771661,131
0.015979579933443233,132
0.006687170541098908,133
5.826450433232822e-13,134
0.02042440145191904,135
0.00018035881380740193,136
0.005457896102839754,137
0.005279670522298829,138
0.000548099839292604,139
0.037085595676217054,140
0.006142920020337783,141
0.003998477740012163,142
0.010511952860426277,143
0.004984930143308475,144
0.003172629035489649,145
0.00013867328314631777,146
7.105427357601002e-13,147
0.0017080457069340582,148
0.006854285943390437,149
0.0034015217511296214,150
0.024709371752521747,151
0.010395896323899478,152
0.0006997571329208085,153
0.03119025504700801,154
0.004344423112868867,155
0.0005125779645425155,156
0.00474736487282712,157
0.011024525019251996,158
0.008480194465889213,159
0.001982479239970303,160
0.004063009721022581,161
0.0003962155905981035,162
0.0015225753444099155,163
0.009742121364965328,164
2.5579538487363607e-13,165
2.4158453015843406e-13,166
0.013416740784705894,167
0.010494464726676256,168
0.015471699055666477,169
0.00950518437660719,170
0.0009262989097038599,171
0.0015784736527422183,172
0.01614816006271269,173
0.0009050822885399157,174
0.004283883270616684,175
0.0039735896013155525,176
0.01928891120785181,177
0.0005467744926335172,178
0.005080810518748535,179
0.0055145816958344085,180
0.011371395012119478,181
0.014978230774815415,182
6.0822458181064576e-12,183
0.0041818920856400155,184
0.02662971824257454,185
0.0005566550806577197,186
1.935353299131748e-05,187
0.019000811585655697,188
0.015905715120581476,189
0.0005325434126746131,190
0.043872143826618526,191
0.008277437465125104,192
0.02077250970064881,193
0.00045237316386703696,194
9.947598300641403e-14,195
0.01982261808933572,196
0.010881980869541508,197
0.0045687048212528225,198
0.004512256969178452,199
0.0004778824775684143,200
0.015296858924870094,201
0.0051268599238767365,202
0.000985610727852304,203
0.007532015425169902,204
0.0052147556815924645,205
0.00982667555113892,206
0.005352518800933126,207
0.03049906937793878,208
0.011186793872909107,209
7.105427357601002e-14,210
0.0015308232242858821,211
0.0012193860244877897,212
2.3590018827235326e-12,213
0.0294187599187552,214
0.010514231709052524,215
1.1368683772161603e-13,216
0.009575062197370698,217
0.01383594551640499,218
0.000999884106505533,219
0.0016517073168245133,220
0.01003290094919862,221
0.0069186423547051845,222
0.012943419836915382,223
0.009153454663405114,224
0.013666600925830608,225
0.0030682113405333666,226
0.005825198274592935,227
0.004451758928311733,228
0.01956806272781364,229
0.0033226230358991415,230
0.04694291624957714,231
0.004375727038677724,232
0.002082292767624949,233
0.014740135646363228,234
0.01091768353225575,235
0.007787386903942206,236
0.010875060575997963,237
0.0006533684033769305,238
0.012279015682224781,239
0.0075582856612044225,240
0.016931877300365272,241
0.0020435764373587517,242
0.006089717937271644,243
0.010819115341291763,244
0.012734662675427444,245
0.05069972862852978,246
0.010799035899083265,247
0.006888019412144786,248
0.0027715174287408217,249
2.842170943040401e-14,250
0.0015558596715692374,251
0.0057891434210262105,252
0.027722660395582466,253
0.0062359498624289245,254
0.002892671417939141,255
0.0041294753370095805,256
0.0004914904916404339,257
0.013117103998311563,258
0.0023608184372250207,259
0.003840336312904924,260
1.2036593943776097e-11,261
0.010343469897406976,262
0.016603778571749217,263
0.009220930164872243,264
0.00096304794253399,265
0.0354997533568735,266
0.003633534274214867,267
0.0012058653175159861,268
0.0016283822220515276,269
0.021291212027136908,270
0.00032322969298093085,271
0.002738730807578804,272
0.0008765026416597266,273
0.007507808602454702,274
0.0047512564692056,275
2.047898989587793e-05,276
0.00289643512020632,277
1.9976783221409278e-05,278
0.003896445649360203,279
0.0011969548849464218,280
0.021809227995845504,281
0.0014288701417797256,282
0.003731821715277306,283
0.006203347879932153,284
0.003927849579355325,285
0.004605967746812212,286
0.024646841806017505,287
0.00419441386745234,288
0.01281637620857623,289
0.0011437650957759615,290
0.004622943037134064,291
0.031108913100496238,292
0.005913829096357404,293
3.7995173457261444e-05,294
0.004291178231227377,295
0.0005849067112251305,296
0.00720646118311663,297
0.035552786369507317,298
0.0024024956790782426,299
0.0659049597262964,300
0.002345172611441626,301
0.0009337972063008237,302
5.400124791776761e-13,303
5.0874859880423173e-11,304
0.007657357355967065,305
0.000302354878897404,306
0.006257228579926277,307
1.4495071809506044e-12,308
0.011860416256723738,309
0.002109312030697197,310
1.0855043910851236e-05,311
0.015773883586845727,312
0.02500929366044602,313
0.012992798059329402,314
0.009825597289619736,315
0.011652400624740267,316
0.0048366483293165174,317
0.006813786960179868,318
0.011858530983033688,319
0.012295528089964591,320
0.004067444992898572,321
0.007724911256360656,322
0.010155862133998994,323
0.0011666537293422152,324
0.002501965619714497,325
0.012792384185900119,326
4.135358722123783e-12,327
0.0038794752563973134,328
0.007026190057345616,329
0.0015261056240376547,330
0.006745105393378026,331
0.0028896553645267886,332
0.016174331024643607,333
0.006226139871415626,334
0.010554238656538928,335
0.027230799316072307,336
9.945204936911978e-06,337
0.0003343899677048512,338
0.0051847494283094875,339
1.8758328224066645e-12,340
0.0014041267802156199,341
0.0004031944389026876,342
0.0003615675537673724,343
0.004324218908521971,344
0.0006147841397137199,345
0.003120340936447974,346
0.0022714817215927496,347
0.0006114702948991635,348
0.008196636264543145,349
0.006801495962903914,350
0.003283551756481984,351
0.0015351635566247523,352
0.0005697514947087257,353
0.08494566034293882,354
0.001523810510221324,355
0.009595280555643626,356
0.002753057184406771,357
0.0033824327458660264,358
0.003170356071848346,359
1.2789769243681803e-13,360
0.0006092732262317213,361
0.04067989277220363,362
0.01102831124892134,363
0.004941697735048933,364
0.01623041733439834,365
0.01112261469111786,366
0.0011235491160732636,367
0.024377290286750508,368
0.002432945317366375,369
0.007197084834288603,370
0.005516582080716148,371
0.0004809898387634348,372
0.005639233049137715,373
0.0008993401852706029,374
0.004328947190558097,375
0.015314211725524274,376
1.2789769243681803e-12,377
0.0035125929526031996,378
0.01039526641983457,379
0.004627139399644875,380
0.02499491287628075,381
0.0011820914199489607,382
0.0022468050682675766,383
0.002066000039718574,384
0.008156011555328746,385
0.0003122358721867613,386
3.836930773104541e-13,387
0.0002619935373502358,388
0.015153895775483761,389
0.0057836585082498004,390
0.006538766760471049,391
0.0045588849832540745,392
0.005641634370007864,393
0.004815318878755193,394
0.013398021058534937,395
0.00888315561633135,396
0.0021510871787739916,397
0.032411294519263834,398
0.00205331510750284,399
0.019126159366408046,400
0.007965687836943403,401
0.004303162845886277,402
0.01718669506568915,403
0.008368751248767126,404
0.0053474762970608936,405
0.04060622961469562,406
0.008269687167839379,407
0.028265818410261545,408
0.00447656134809904,409
5.7553961596568115e-12,410
0.005654143710657422,411
0.007681924230737991,412
0.0025036770496740246,413
0.015889046967160425,414
0.010608778936159524,415
0.0014962624256185109,416
0.0040240258443873245,417
0.024747261346632854,418
0.0034867365490356406,419
0.01854611474495016,420
0.0015004871235362316,421
0.04598884766370759,422
3.410605131648481e-13,423
2.1316282072803006e-13,424
0.01344136101400295,425
0.023776612010280473,426
0.002182347651995542,427
0.0015052447400307756,428
0.005240056899950218,429
0.0031034086665044924,430
0.00549509902641887,431
0.0027401893376151065,432
0.0,433
9.308157407872386e-05,434
0.02347276330050363,435
0.0009221681820292815,436
0.0069722531479925465,437
0.025763642635311612,438
0.014644338345888741,439
0.00017645821687040097,440
0.0015879891971763982,441
0.00025455757695169723,442
0.0028670606326528514,443
0.007675808675131179,444
0.0036694967449619753,445
0.012480079869817473,446
0.005330925737553116,447
0.008675281863787632,448
0.002547061548753504,449
0.0058130194613568165,450
0.000367415324788567,451
0.006277363117533241,452
0.006321069353177222,453
0.014251631751534433,454
0.001258674647530711,455
0.0068497774300624314,456
0.0022781929391015865,457
0.025154603661619035,458
0.014333602548603608,459
0.0066461866141054315,460
7.105427357601002e-13,461
0.011011127027074963,462
0.0019917715290773685,463
0.010619362163552637,464
0.011044377278011552,465
0.015774813497571927,466
0.0051640534612431566,467
0.0060955307806409564,468
0.002643057730310261,469
0.0020889826538734724,470
2.7000623958883807e-13,471
0.0029584049242998844,472
0.0027154310191548348,473
0.026179890729409294,474
0.004340103372115323,475
0.02990274893667788,476
0.0022692095181611194,477
0.17893768432740842,478
0.02807432543831112,479
0.005053724087034084,480
0.007864513025168662,481
0.0010159847435033953,482
0.008915154583249318,483
0.006485754085545636,484
0.003391659075617781,485
0.014330077822663156,486
0.004414236020650719,487
0.006585036953580925,488
0.025940453506962058,489
0.0009467714635036373,490
0.01951639278620121,491
0.002458507070457472,492
0.015888514023004063,493
0.007447430623940932,494
0.0025555059176554096,495
0.021274694202588762,496
0.0008095942090307062,497
0.007316199774436427,498
0.008832040713159017,499
0.01268531677654039,500
4.831690603168681e-13,501
0.028050308258144696,502
0.00364240907069302,503
0.01179970816181708,504
0.0018816264724108578,505
0.014284256390723726,506
0.06501500080049993,507
0.006449831139761386,508
0.007180624236397648,509
0.0010819723468102893,510
1.2079226507921703e-12,511
0.0016625462664876522,512
0.013838532027037331,513
0.004390349282601846,514
1.1368683772161603e-13,515
0.007034268359632279,516
0.0026740931435256243,517
0.00595789357991805,518
5.542233338928781e-13,519
2.9132252166164108e-12,520
0.0014381333489836834,521
0.0034358531025731054,522
0.022185190770869667,523
0.0036388824909892037,524
0.01054334269622359,525
0.01388071289261461,526
3.694822225952521e-13,527
0.011763312333997078,528
0.005118067442495544,529
0.0045548553236898215,530
0.002049153747051946,531
0.0029942128265503243,532
0.0059078066998239365,533
0.002786959960744184,534
0.0018786198645841523,535
0.0018521707542475951,536
0.022373006562958153,537
0.013211983133402327,538
0.009603473999320045,539
0.0014714721212385484,540
0.013846501340381678,541
0.0011146047346386467,542
0.011144644224842182,543
0.006441274996006996,544
0.0027824342642190913,545
0.0028870100180711233,546
0.003166118952464103,547
0.013321836559597955,548
0.002836479725431218,549
0.0029525441054403245,550
0.0046362960534480635,551
0.005160976101848291,552
0.00756711617061967,553
0.0023032860751754924,554
0.003933647117094097,555
0.00015228639088604723,556
0.0022596937612604506,557
0.004480261984738831,558
0.008865578156061815,559
0.0022341949729138832,560
0.000897399874602911,561
0.014752895188649973,562
0.004329581621462353,563
0.0004888657686734632,564
0.02628163835008479,565
0.00901154488039424,566
1.6640910871501546e-11,567
0.012587868321361384,568
0.03740776482976571,569
0.004667284870919275,570
0.01698857751088667,571
0.00971960303780861,572
0.03003400518774413,573
0.00013909339934059517,574
0.004997617137988186,575
0.03808667252762632,576
0.008958340254224595,577
0.003768660378014488,578
0.0003476318816950652,579
0.01033097769249025,580
0.0005836970812538311,581
0.0007289462356681042,582
0.00226108533149727,583
0.004921658098623993,584
8.526512829121202e-13,585
0.004228586078113494,586
0.013197716652811664,587
0.0033184610068985876,588
0.0021450145696064737,589
0.008133896202039637,590
0.00831475627055056,591
0.0020450323072225274,592
0.023938724628337127,593
0.00257122657872344,594
0.008580028952891894,595
0.0015787780448022204,596
0.0053203627108331375,597
0.0029936633585094796,598
0.006753109888080644,599
0.009457028038639237,600
0.0011414451586091445,601
0.0007374029058269116,602
0.0010206012026827693,603
0.009759212504121706,604
0.003154783766063929,605
0.011747213335851825,606
0.0025987905321898097,607
0.0006991911235019188,608
0.005029240934362633,609
0.007187259511511002,610
0.007796303313639896,611
0.0005555308930809133,612
0.004575721865180071,613
0.0038830133038203485,614
0.00170420335489041,615
0.0056254314010573125,616
0.003567929837274164,617
0.006152693481695337,618
0.004070070014279281,619
0.001191672508184638,620
0.0014627079321343217,621
0.0038415486810379207,622
0.044727359704154424,623
0.06049507629808204,624
0.00712545983066093,625
0.02722762004668766,626
0.015653339298424385,627
0.017635757378343442,628
0.00535628807347166,629
0.0005324558766801601,630
0.021241445585545193,631
0.003953814334863637,632
0.004048347565642985,633
0.005157387698517368,634
0.024154168214607807,635
0.011495425919775926,636
0.005002693378898471,637
0.0037433488465836717,638
0.021580904900446285,639
0.0035855739774035555,640
0.006404575405667856,641
0.006429102554477595,642
2.984279490192421e-13,643
0.005307837215923428,644
0.004142712784542368,645
0.001074454611242004,646
0.0067120622356071635,647
0.006599541972690304,648
0.023904926070272836,649
0.004410750757330106,650
0.013184739373301113,651
0.0020982299870695442,652
0.0030592729786746986,653
0.005356481847670125,654
0.008982179398600465,655
0.0030323997421959348,656
0.00932047120562629,657
0.013913773571132992,658
0.00096483335694586,659
0.10631223260878642,660
0.0016190672629647906,661
0.012495410514318905,662
0.018835837551918644,663
0.0030962496511648396,664
0.0016754108005017088,665
0.008598110115016766,666
0.010439182728930518,667
0.013344111633969646,668
0.014348142922997908,669
5.243805389909539e-12,670
0.0016810835889060627,671
3.126388037344441e-13,672
0.005281755196648419,673
1.1338729535737002e-05,674
0.003873757915712872,675
0.0009502380869861327,676
0.002395928416632387,677
0.005837440586233811,678
0.00285400273212133,679
0.009008605336745745,680
3.296918293926865e-12,681
0.013599224699689216,682
0.011760106654264746,683
0.016087338866569212,684
0.0010744281369454711,685
0.005061855701072204,686
0.0004915923650798959,687
0.004702286723670568,688
8.791985399625446e-05,689
0.004677903711026943,690
0.0011102374183309394,691
0.0005671115784338099,692
0.0007346229411666627,693
0.004009942159356683,694
0.01370774052860213,695
0.0003486874540072904,696
0.010563186952552428,697
0.003117513225660673,698
0.0072188565431190455,699
0.0058914103382079475,700
0.014364748137694505,701
0.0033926960256422944,702
9.620748642191757e-12,703
2.4158453015843406e-13,704
0.0005735083434501576,705
0.01667022522869388,706
0.0027342478327767594,707
0.04518061229042303,708
0.0038579124621520577,709
0.009789537932689996,710
0.0014963207942599865,711
0.003243760093496917,712
0.0006136497696900278,713
0.007197503932061977,714
0.002890297360792715,715
0.009102841858535271,716
0.0017256483221217422,717
0.0175198078984522,718
0.0028477024782773697,719
0.0099815922305595,720
9.606537787476555e-12,721
0.005694599578035309,722
0.001548442901437852,723
4.481940550249419e-06,724
0.008333935457997654,725
0.008633171558415142,726
0.004427934372415621,727
0.029504854815044723,728
0.0064460471492395754,729
0.0018356606037599477,730
0.007880448419811614,731
0.0016766343201766176,732
0.002920191873116096,733
0.06215824740885978,734
0.011631176446186942,735
0.0008248339577505703,736
0.0034446203480058557,737
0.0015593453720725847,738
0.003193053257405154,739
0.0005205750013459465,740
0.005337440282715988,741
3.979039320256561e-13,742
0.014130800742393035,743
0.00032373626389414767,744
0.008397847617047205,745
0.0017574874972865473,746
0.00039901256188557,747
0.003806195523935685,748
0.0009447110837754735,749
0.012088756026400915,750
0.00577580271057343,751
0.005670012975258487,752
0.0011856269215400062,753
0.0006906897114760113,754
0.0023631069546894423,755
0.0022238805915435478,756
0.012302592122509282,757
0.00990125532943864,758
0.0077700129490523295,759
0.001694003225452434,760
0.00670010909220764,761
0.0004537571886515934,762
0.0028260854895876264,763
0.009865686704003451,764
0.012144908623199058,765
0.012617062582933158,766
0.003374887596990561,767
1.112043733542123e-06,768
7.787548383930698e-11,769
0.0043131179067756875,770
0.0009717660778534309,771
0.001992463906887565,772
0.0017468044492119361,773
0.00015163017390307232,774
0.010462625101183676,775
0.0037589672947575536,776
0.01035987597357746,777
0.0005030862113670764,778
0.005761736984823074,779
3.694822225952521e-13,780
0.005295898917566433,781
0.011958297613389846,782
0.003516397739716126,783
0.0004821179627043648,784
0.0003366838788565474,785
0.0051236021404008625,786
0.010195869102943789,787
0.013631402986703733,788
0.0014055479747412392,789
0.003597617795733754,790
0.0063175724359183505,791
0.05056749777899938,792
0.0025768658165361558,793
0.003869612548825785,794
0.0008858429349771768,795
0.01221554855676743,796
0.0010897237529832182,797
0.0026572580159012205,798
0.0009424382416369781,799
0.024544852691960273,800
0.020248187898928904,801
0.006652452798505237,802
0.003138766870833365,803
0.018990130135520644,804
0.009104187119262974,805
0.014220579273271028,806
0.006437546272636041,807
0.0005291648250675962,808
0.013788296039123793,809
0.0011099331980091165,810
0.009786271242617772,811
0.0006463113275145815,812
0.018627321156955645,813
0.005396497755796759,814
0.002591054724945252,815
0.025798283343561934,816
0.003973877305327278,817
0.01505861498451111,818
0.023612392027203555,819
0.0007223147731849622,820
0.007317574981641428,821
1.764921790936569e-07,822
0.008501526944371562,823
0.02396987040508236,824
0.0006038540809356618,825
0.0030119589822703574,826
0.005068395417225702,827
0.0023403285623402326,828
0.0018847444695921922,829
0.0006758836671423296,830
0.00523931798109345,831
0.005814469743057771,832
0.009956941641277695,833
0.0019075584795018585,834
0.0006309017598056244,835
0.008760904423709803,836
0.0014291882890518082,837
0.007677521573697277,838
0.011319787890698763,839
0.009383177437399581,840
0.008663658366728555,841
0.0032354435611239296,842
0.000489718798334593,843
0.01587734737550761,844
0.004563995563245271,845
2.1316282072803006e-13,846
0.003549159021019932,847
0.032871881249690205,848
0.004229465048666725,849
0.009188931749591234,850
0.006240131928251458,851
0.0050352035941472195,852
0.0039682286084143925,853
0.002797340773170731,854
0.0009817011007982046,855
0.0035418020330979516,856
0.003044736573642126,857
0.016397784734991205,858
0.06418375411215038,859
0.012265370881621607,860
0.006327389785937498,861
0.0027144780491141773,862
0.004530237066404652,863
0.01278678451176063,864
0.002294214745035106,865
2.4158453015843406e-13,866
0.007096643725560625,867
0.015290940399097508,868
0.02986927292866426,869
0.005405687742282339,870
0.0420601443940285,871
0.002458993166854384,872
0.04319697434816305,873
0.03324836638799411,874
0.003707699460647973,875
0.0016501110473114977,876
3.337232905664678e-05,877
0.004353725325728419,878
0.002955557997950109,879
0.005678327050588905,880
0.0070715501245501855,881
0.001238821504415455,882
0.00917409691591331,883
0.008930571103945795,884
0.0004474736787898337,885
0.004538855229924366,886
0.0010604738548636305,887
0.010291390705475578,888
0.017639483956173763,889
0.0037006230596432488,890
0.004674549774620118,891
0.01469234588215329,892
0.0029715111396484417,893
0.011655339847735036,894
0.009942724881412346,895
0.006566212202685051,896
0.0022008585525412627,897
0.002054622580999421,898
0.0008004260552638698,899
0.011503193403640921,900
0.01784370619768083,901
0.010245356483594037,902
0.005980445980682703,903
0.0004989599184455074,904
0.005061723092538273,905
0.0012843533772723958,906
0.0029169246213882616,907
0.03338474327310337,908
0.047833181440907424,909
0.002543564077427618,910
0.004260569858388408,911
1.0231815394945443e-12,912
0.00920466186403246,913
0.004608740466409245,914
0.00461089296784678,915
0.0038925805500724664,916
0.0018786448177081638,917
0.015234840559799068,918
0.013426560120578301,919
0.002037424050087111,920
0.0020107558325150876,921
0.0056135686786262795,922
0.001453356509031778,923
0.018934061370700306,924
0.011248275776182481,925
0.003684105866284426,926
0.013548851227994874,927
0.0029394731862453227,928
0.00029175477543219586,929
0.023496905940021406,930
0.02118438108159637,931
0.0026652866476268855,932
0.022280641891612163,933
0.008444770203382745,934
0.006970272993569893,935
0.09093236377495373,936
0.005832456454456292,937
0.010627787120839116,938
0.010855284466401827,939
0.0024234025963068007,940
0.0036356645321120595,941
0.004545237851402817,942
5.256283506582804e-05,943
0.01587963735788378,944
0.00010318204373049866,945
0.0002194489157290036,946
0.017656860681640296,947
0.004554325317656094,948
0.0003147149091233814,949
0.003789797072400347,950
0.0117613900111877,951
0.013726477793937875,952
0.0188065736386136,953
0.0008898898042986048,954
0.008890829422142588,955
0.02275973075192894,956
0.013213021314214757,957
0.024725253080632115,958
0.00026021574846879503,959
0.0113806824490581,960
0.001200799201271252,961
0.0057758382336459135,962
0.0009321873592256225,963
0.005176011133301017,964
0.006007564574744606,965
0.01787295992502891,966
0.011309635597498868,967
0.004469978881843417,968
0.004595680682569991,969
0.0034195940139909453,970
0.00549252639503095,971
0.006460439560669329,972
0.0030414080138427835,973
0.006796074458222279,974
0.011355336325664211,975
0.013332515848020421,976
0.00027954458727208475,977
0.0020344316329925505,978
0.0007720681529264084,979
0.000922278588106451,980
0.0011660896876719562,981
0.037741234250617595,982
0.0028459335859878365,983
0.010437669517898485,984
0.017904583649070105,985
0.004747997237657842,986
0.0020329468442099596,987
0.027894049929429343,988
0.01283541203613936,989
0.001448088111047241,990
0.003305796928842142,991
0.0023738601568368267,992
0.007848210642293907,993
0.008474872754760554,994
7.815970093361102e-13,995
8.952838470577262e-13,996
0.0608060545598903,997
0.011062386990801087,998
0.0012701653317179762,999
9.058254293847767e-05,1000
7.105427357601002e-13,1001
0.005173859911778322,1002
0.030699794463501462,1003
0.0011457126322227396,1004
0.005025282619399718,1005
0.0008135004027565174,1006
0.003634353016707337,1007
0.007767983587797289,1008
0.0020539238671091198,1009
0.008171739157532443,1010
0.0020343101050315227,1011
0.016265960934561008,1012
0.002742386874274416,1013
9.77353858644392e-05,1014
0.00463347241060319,1015
0.002742836710169172,1016
0.0003176903451276303,1017
0.006734084428629217,1018
0.018523176624640314,1019
5.115907697472721e-12,1020
8.063278187364631e-06,1021
2.8421709430404007e-13,1022
0.022877611550086385,1023
0.006528312880206499,1024
0.0029338114939747584,1025
0.024492587752988015,1026
0.0009203990826449626,1027
0.012775482872527277,1028
0.007219116364836964,1029
0.004022740583465634,1030
0.0038591183299843124,1031
0.018032277164451216,1032
9.934168727454562e-05,1033
0.002393987190529856,1034
0.0007365986902669874,1035
0.0015689132847143128,1036
0.008700324988026864,1037
0.004410641785710823,1038
0.007536501143761143,1039
0.003491724066989832,1040
0.004395125156037238,1041
0.006071568651478287,1042
0.0014223962128028234,1043
0.02419990414087181,1044
0.007073727217814962,1045
0.0056989186274023496,1046
0.0001941375734304529,1047
0.0074773626621009726,1048
0.0024395825553540362,1049
2.2311041902867146e-12,1050
0.01077486439015729,1051
0.0030017790646610365,1052
0.00947015290344666,1053
0.04932571347465853,1054
0.015370481916349377,1055
0.004042635963060093,1056
0.05379716401492374,1057
0.0062756951526807825,1058
0.016256370123144848,1059
0.0030640958988072953,1060
0.003927033691965676,1061
0.013130415212316393,1062
0.038480330855520606,1063
0.005236445619487995,1064
0.010049344836659202,1065
0.004242733096219808,1066
0.0017649578875591487,1067
0.005444704246144738,1068
0.014937308514760161,1069
0.0004001876638852764,1070
0.01288811904758802,1071
0.018509760941910258,1072
0.0038784748406470726,1073
0.0016402982592040871,1074
0.0055942808608904215,1075
0.010794155867813515,1076
0.02491075995300207,1077
0.007673267573053977,1078
0.027664844994916393,1079
0.06156354245813134,1080
0.0009640597617419644,1081
0.009915967809945414,1082
0.01894678164521224,1083
0.002861887237926908,1084
0.00022900452064789079,1085
0.0034583323850370107,1086
0.02972077178603172,1087
0.008365644653324011,1088
0.017953315998681774,1089
0.006602184757767304,1090
0.0002227934003400378,1091
0.003932114517454011,1092
0.0028677618521584236,1093
0.016949956717894565,1094
0.005082833976430834,1095
0.006359325103076685,1096
0.03596981238953845,1097
0.009141399003198103,1098
0.0045282102187798046,1099
0.01993156378846095,1100
0.00022221374052833198,1101
1.475086719437968e-11,1102
0.0008383195896044526,1103
0.0012250483589326677,1104
0.005269910269859679,1105
0.007477764909097573,1106
0.00134324696495014,1107
0.000716728110916165,1108
0.004727842615665168,1109
0.011386719023050773,1110
0.0013128832587909756,1111
0.01185004050469729,1112
0.0023108812524981204,1113
0.002474306916909086,1114
0.04559597001625093,1115
0.0023837609536485616,1116
0.002391475589732295,1117
0.018047532793161736,1118
0.014989881563082008,1119
0.0010804049721713227,1120
0.025243368978507874,1121
0.0003645779421503903,1122
0.00902155449654174,1123
0.005748919010585496,1124
0.022102810612594226,1125
0.0011431409096189782,1126
0.007594394098887847,1127
0.0009785251058929134,1128
0.0005511176989614341,1129
0.0016335537871725592,1130
0.0049679175885728455,1131
0.004730282273001762,1132
0.026428015536666294,1133
0.0018640911336262889,1134
0.007125200288200517,1135
0.0018720408411923017,1136
0.006408264446648104,1137
0.014651977937447214,1138
0.0017052508521686605,1139
0.012491309558242847,1140
0.011676370345114151,1141
8.22808488010196e-12,1142
0.011139070554278874,1143
0.0011546081394442353,1144
0.006302080156999068,1145
0.03188493982571572,1146
0.021949031437728195,1147
0.04914736912039075,1148
0.002144928656221623,1149
0.005942581296238814,1150
0.0035516289375721044,1151
0.006458509689920788,1152
0.0035083849462438366,1153
0.007533861502565742,1154
0.0032296798410413885,1155
0.004640328757460566,1156
0.0048877508275921855,1157
0.0006880436213805297,1158
0.00395149475815515,1159
0.0019510282846653126,1160
0.005763681335977822,1161
0.002346335474612715,1162
0.012837506259572251,1163
0.0035017349923691654,1164
0.008822144393249687,1165
0.012505468556284427,1166
0.029194647751509706,1167
0.004256994144881787,1168
0.0015789987158996155,1169
0.0037652475838712007,1170
0.020652665485243915,1171
0.004081518653180183,1172
0.002441486373285784,1173
0.0047847971462005034,1174
0.016443224308062554,1175
0.0017304314455799386,1176
0.0014262602904580035,1177
0.004056635389389385,1178
0.0048354534125536475,1179
0.028049939647360134,1180
0.010239474988921415,1181
1.0231815394945443e-12,1182
0.010363207200427382,1183
0.013160015909022604,1184
0.020816491644936264,1185
7.257355899525919e-05,1186
0.013396016073969008,1187
0.0014520838450096107,1188
0.03995703805870221,1189
0.0011225103436487416,1190
0.004077701171325998,1191
0.0015971514446704305,1192
0.007230336821166361,1193
0.004186353380120522,1194
0.004634774645168704,1195
0.0004959169243932138,1196
0.0063816933887039795,1197
0.004377024222065984,1198
0.0007277323345533659,1199
0.008078623382985484,1200
0.019991226525348793,1201
0.0007069838091382508,1202
0.001605026349878358,1203
0.015453272941641671,1204
0.008958318153091227,1205
0.0012690889816440176,1206
0.000387448521053102,1207
0.00021692117755378604,1208
0.006062642077836244,1209
0.005781148992667795,1210
0.0006346503689087513,1211
0.004677832394236248,1212
0.011432630808172917,1213
0.0027413985791326922,1214
0.02380158515035191,1215
0.0019833227771357542,1216
0.006992669479600977,1217
0.008861367782941443,1218
0.012519988518917557,1219
0.015975523718608997,1220
0.0038462464090827098,1221
0.0009850238967743508,1222
0.01983781118029526,1223
2.81738750373961e-05,1224
0.00048047188498401283,1225
0.00012766540704944873,1226
1.6342482922482304e-12,1227
0.15616122210298045,1228
0.009760054115076855,1229
0.046785413740494164,1230
0.003773022298247497,1231
0.0006269705067296627,1232
0.005559359403036979,1233
0.021331556004682284,1234
0.009961863704020857,1235
0.000329608056048869,1236
0.01049383778232027,1237
0.002712965760139241,1238
0.0016210454393217333,1239
0.002104561102314051,1240
0.009871020685167764,1241
0.009297925632182569,1242
0.003354286103004256,1243
0.0013724315554810573,1244
0.014737694876131968,1245
0.01769139305714873,1246
0.0038462953693993995,1247
0.005348500588382876,1248
0.05902814577747506,1249
0.006521495755450246,1250
0.0004194013312144307,1251
0.005948202865212693,1252
0.004655639543429402,1253
0.009218401258550557,1254
0.0011482544303333952,1255
0.003281043373618786,1256
0.01662172862242528,1257
0.00011185380614620044,1258
0.0018664749955377147,1259
0.012759930135686659,1260
0.0009406478956606179,1261
0.000821233783241837,1262
0.021526123715432277,1263
3.268496584496461e-13,1264
0.004311012849527174,1265
0.0009275983238126173,1266
0.04342196043154445,1267
0.010332870828904106,1268
0.011280702767820117,1269
0.0011512828780553264,1270
0.0053482316145618825,1271
0.003341530012221483,1272
5.826450433232822e-13,1273
3.221600763936294e-11,1274
0.0030501161199936178,1275
0.002430164032162452,1276
0.005406976050196022,1277
0.0004057766181659872,1278
0.0008929982321603802,1279
0.0018315698807356284,1280
0.003519822305946718,1281
0.003139151776949234,1282
0.0016686774914660418,1283
1.5631940186722204e-13,1284
0.013952987638020886,1285
0.021277861679180887,1286
0.01067244131873224,1287
0.005585457390921533,1288
0.002614028370686583,1289
0.0012151127440631626,1290
0.0008622135291460609,1291
0.0029807146609925894,1292
0.0018593668549300446,1293
0.16457696681516154,1294
0.005714570734639324,1295
0.009470457487950057,1296
0.01613304888883249,1297
0.009702583199469927,1298
0.02900447857099664,1299
0.007595834082451347,1300
0.02905841684224697,1301
0.03334078643325711,1302
0.0012253956671770538,1303
0.01171123736051527,1304
1.6413537196058314e-11,1305
0.007774326110251195,1306
0.004962600936295303,1307
0.004939242303535707,1308
1.0800249583553523e-12,1309
0.011192547005180131,1310
0.006540503776420792,1311
0.004784856682675809,1312
0.0013160587243561395,1313
3.325340003357269e-12,1314
0.0035049714679047383,1315
0.009326829917426949,1316
0.0011893924885555407,1317
0.0007614386078245161,1318
0.012537747092125073,1319
0.0008179800098986334,1320
0.0056768729357798975,1321
0.0018851933238153151,1322
0.0005123562112459012,1323
0.00021214030523708516,1324
0.0017479642525302097,1325
0.01860387361891469,1326
0.00955463697549419,1327
0.004866393564327609,1328
0.016918355376148497,1329
0.0006648705105902764,1330
0.062491680358519375,1331
0.010138309089839481,1332
0.03375984710588398,1333
0.029921263571395684,1334
0.0008643954226386086,1335
0.0025663709864147677,1336
0.000335999630152628,1337
0.0011020334129199227,1338
0.004303013220962271,1339
0.006567411195248951,1340
0.002422844876022623,1341
0.0032463433330747193,1342
0.001458777556166524,1343
2.5579538487363607e-13,1344
0.002704149703532721,1345
0.004842354077709388,1346
0.00325997152066293,1347
0.005979164204021004,1348
0.01642476689565342,1349
0.0012942743295809578,1350
0.008794129343030477,1351
0.0012356365745063158,1352
0.0023185231086984004,1353
0.000642043141567683,1354
0.0015987758180529,1355
0.00044466528217412815,1356
0.0005733548482140804,1357
0.004233749440757606,1358
0.0023195704213065937,1359
0.008666742185411636,1360
0.007564766186789029,1361
0.01227824625202345,1362
0.0031210591363048934,1363
0.0010010397671180726,1364
0.00010853662909937611,1365
0.013640951572170934,1366
0.008520685631708602,1367
0.004556691455519513,1368
0.0037181308969280735,1369
0.004139764405309165,1370
0.004684891276085068,1371
0.0007282605421039534,1372
0.005188410238460506,1373
1.9895196601282805e-13,1374
0.030210959450997166,1375
0.0017464762065486639,1376
0.010217315121366255,1377
0.010289233216141724,1378
0.017795056812914822,1379
0.011723895363303427,1380
0.0051850934139281435,1381
0.006748593385793811,1382
0.00317855767852393,1383
0.009537500384624309,1384
7.23758830645238e-11,1385
0.00774647315259358,1386
0.003617600868722093,1387
0.0018232433989879837,1388
0.0020291783252162077,1389
0.005152467124517557,1390
0.006720733450663374,1391
0.013347328358591426,1392
0.0028482510133471806,1393
0.010722227726574829,1394
0.010635889085278905,1395
0.0009398856108049358,1396
0.002554832097686699,1397
0.005919746858765507,1398
0.005256804865808817,1399
0.017572053241025287,1400
1.4495071809506044e-12,1401
0.005251635817344891,1402
0.00459343633103515,1403
0.0011504879175276983,1404
0.024347835883077096,1405
0.0041671985292310865,1406
0.017005903583779514,1407
0.008916461028036338,1408
0.03570825672989031,1409
0.030925390663213648,1410
9.981339616160767e-05,1411
1.6484591469634324e-12,1412
0.027106581104533234,1413
0.01705937762713461,1414
0.014935864604581184,1415
0.006819893330472837,1416
0.041628399584453746,1417
0.02887294741866242,1418
0.004412643739058808,1419
0.0015817113966818397,1420
0.005083402560117634,1421
0.0015882398124063002,1422
0.0053927730326392975,1423
0.0041939830446864335,1424
0.003654496379226657,1425
0.0015963397880227603,1426
0.0073353328915288785,1427
0.02067850855350173,1428
0.0038928257205128602,1429
0.01575034024232025,1430
0.0045672138551537955,1431
0.007613069432309771,1432
0.008998021719790472,1433
0.002405074190050982,1434
0.0007820828936360158,1435
0.001136406043031002,1436
0.006214832896816347,1437
0.0001806809981559354,1438
4.831690603168681e-13,1439
0.0013907017550565115,1440
0.0005577770304796559,1441
0.03652425974441087,1442
0.0012036300468736272,1443
0.03345580454013941,1444
0.014571316853221106,1445
0.0018358044634112503,1446
0.0027321403793223453,1447
0.009617807491991925,1448
0.012608238257115545,1449
0.010611276214078202,1450
8.526512829121202e-14,1451
0.0061878889484603405,1452
0.0049300284069602185,1453
0.0003093164257279568,1454
0.0003564320732749593,1455
0.02069617039043692,1456
0.015703260904871286,1457
0.010583032628076694,1458
0.005552527718222677,1459
0.0001930756200039241,1460
0.004279810591640398,1461
0.0002928551616321329,1462
0.011522236068728375,1463
0.03291029651103372,1464
0.01447493755438245,1465
0.005435527086049774,1466
0.016457804446076807,1467
0.004105412466316238,1468
1.737987531669205e-11,1469
0.003439601008025761,1470
0.0027884331321530453,1471
0.004012727854473042,1472
0.003759703164988082,1473
0.0018741441939198467,1474
4.263256414560601e-13,1475
0.022169796706862144,1476
0.0024478817377939777,1477
0.008070082920525579,1478
0.0008471902431068656,1479
0.004603280054880088,1480
0.023985551000492933,1481
0.0037647853628755,1482
0.004110784766780284,1483
0.010646884777571586,1484
0.00026071571646468783,1485
2.1316282072803006e-13,1486
0.013915406420082377,1487
0.0005169520874233058,1488
0.0006161564762265925,1489
0.010689606200699586,1490
0.022325723872114622,1491
0.0004975162708262815,1492
0.019842665544871352,1493
0.0007391128938394331,1494
0.019367724096682082,1495
4.405364961712621e-12,1496
0.0030250863131726646,1497
0.01928060022514444,1498
0.0018061352744069836,1499
0.010186452917906763,1500
0.0007608031853578723,1501
0.027153253787744802,1502
3.6993846478594605e-05,1503
0.003228535952814582,1504
0.0012434847107272162,1505
0.01746137332126807,1506
0.002314354324411738,1507
0.005193847134520979,1508
6.394884621840902e-13,1509
0.022125243164239805,1510
0.012247781474712838,1511
0.008585797617556068,1512
0.006672722592142577,1513
0.0016443473940341846,1514
0.00029441247605177523,1515
0.012094304200914507,1516
0.0006677791765952179,1517
0.00288295968704233,1518
0.012689428154956772,1519
0.0003787969379089873,1520
0.0011902586178251795,1521
8.706152452475635e-05,1522
0.011059036348811446,1523
0.003073718570263395,1524
0.002985001478606364,1525
0.007123508139940782,1526
0.006508675531108565,1527
0.0018000579936909844,1528
0.013356632830777926,1529
0.0005071360790225299,1530
0.04041396940374398,1531
0.010468905024055175,1532
0.008119464454992453,1533
0.028628814970943495,1534
0.013877181926162052,1535
0.036581102940928645,1536
0.021862704034091962,1537
0.009451350899254862,1538
0.004142485982043809,1539
1.0089706847793423e-12,1540
0.003556155136209327,1541
0.008867035251725497,1542
0.003802082188784084,1543
0.010027547028258255,1544
0.006715185820752367,1545
0.006044692398006646,1546
0.00861189256474404,1547
0.003086706081489865,1548
0.0124810285196304,1549
2.8421709430404007e-13,1550
0.02488653687397857,1551
7.958078640513122e-13,1552
0.0275243366333342,1553
0.002478615898084513,1554
0.0013282768414768498,1555
0.002246358610051402,1556
0.003029962663831043,1557
0.018931536875172128,1558
0.0014528031398270969,1559
0.004434380511980862,1560
0.006002254825972386,1561
0.0016252463561983177,1562
0.0035330149166696856,1563
0.008282003137352945,1564
0.003444298147144309,1565
0.001972142779138153,1566
0.0072925807497483675,1567
0.006469320034256043,1568
3.417710559006082e-11,1569
0.010748963207376505,1570
0.0005042738264222635,1571
0.00480509237654303,1572
0.0023933054240359297,1573
0.0006968684349004661,1574
0.00042163479461976294,1575
0.0020448119784504115,1576
2.687272626644699e-11,1577
0.02510603780922338,1578
0.0044091176581133595,1579
0.007450497955062474,1580
0.0024132135976202562,1581
0.006905456411175237,1582
0.0023396196468468133,1583
0.015835255123462844,1584
0.008139427976388447,1585
0.013862266119559763,1586
0.0019213244540594587,1587
0.015109584552504884,1588
0.0021806155025956286,1589
2.2737367544323206e-13,1590
0.02385368531237475,1591
0.05397197100162998,1592
0.011762230762272452,1593
0.013465380711224384,1594
0.0027257127495801114,1595
0.006947292882230727,1596
0.01268297616353209,1597
0.01002010460871361,1598
0.013355924930934293,1599
0.015849346004955578,1600
0.0007597340841272171,1601
0.0019098206386871652,1602
0.010853598903210582,1603
0.005892214272876117,1604
0.031637870021000936,1605
0.008475513630514797,1606
4.291678123991005e-12,1607
0.009964194991695763,1608
0.013528674450853373,1609
0.008197454385609149,1610
0.0017367598144062413,1611
0.0013831655623448569,1612
0.014053645493603995,1613
0.017776551424276477,1614
0.002975036598513725,1615
0.009037012668926536,1616
0.00689828959514216,1617
0.008315777564519067,1618
0.0042212775986314455,1619
0.07673465881322272,1620
0.004753994136407869,1621
0.0024672230357225544,1622
0.006701253372071392,1623
0.012005835868492909,1624
0.006110536549527978,1625
9.093668040804914e-09,1626
4.405364961712621e-13,1627
0.007008009205165422,1628
0.022219816731109177,1629
1.7053025658242404e-13,1630
0.0039060213623827167,1631
0.013762335833447992,1632
0.0018924309899546188,1633
0.0055514436224939345,1634
0.0038706741997458494,1635
0.004915179791012747,1636
0.0034416536048524904,1637
0.003813099646407636,1638
4.121147867408581e-13,1639
0.0011431353683093448,1640
0.0011632471948530565,1641
0.0061145980744754524,1642
0.005833133069174323,1643
0.018712567350661402,1644
0.0019256910178171438,1645
1.631130430723715e-08,1646
0.007667213770119474,1647
8.539358830716992e-05,1648
0.0007657079995482263,1649
0.004178983748218457,1650
0.04656032450704117,1651
3.927880243281834e-11,1652
0.003789436298433202,1653
0.010204199663718327,1654
0.0002753204650218777,1655
0.002844597152801498,1656
0.004910896832313938,1657
0.0015249453527133028,1658
0.028545155183934412,1659
0.007171525998884931,1660
0.0018002620577846074,1661
2.7000623958883807e-13,1662
0.0018740171718150123,1663
0.017472387863620042,1664
0.054462866036644186,1665
0.09261878740016982,1666
0.006778516848825689,1667
0.03733742667041895,1668
0.006293073546402184,1669
0.008728715162234835,1670
0.009319218031762944,1671
0.01842010058923904,1672
0.005536314564352551,1673
0.003436451289715592,1674
0.11943066986137296,1675
0.005195658800332126,1676
0.0040407944628384485,1677
0.011792348681197495,1678
0.0009273236875344537,1679
1.9005791472181954e-05,1680
0.0011738336332314248,1681
0.01071679952403315,1682
0.0014877411570068944,1683
0.009086756812422436,1684
0.002222563522778387,1685
0.02858044484375455,1686
0.005300301011104125,1687
0.016731390675488456,1688
0.0005173909757871797,1689
0.009730194933297298,1690
0.009623080539242324,1691
0.0020140230503500334,1692
0.02502128040632101,1693
0.006379195934556492,1694
0.0014949306875422508,1695
0.013857160223906817,1696
0.004465491543356848,1697
0.0027292556930405,1698
0.0007392584369512178,1699
0.005903021611814552,1700
0.006981942355565707,1701
0.010982045509649652,1702
0.0038525318772997252,1703
0.0025230712899571017,1704
0.0013882484330736133,1705
0.015411608948170397,1706
0.012987461531849931,1707
0.005071832323423564,1708
0.008053370335915133,1709
0.005000746572861203,1710
0.0013327382383891972,1711
0.005817831419150821,1712
0.0013488089885669297,1713
0.014929664466748704,1714
0.00975709210497655,1715
0.005349427299194076,1716
2.8421709430404007e-12,1717
0.0023293111906070862,1718
0.006461729324911403,1719
0.001082779801819811,1720
0.009524800517567655,1721
0.011114708494588399,1722
0.01777049015885268,1723
0.012178293401248652,1724
0.002580826419645632,1725
0.001164618671978701,1726
0.008729287375317085,1727
0.004364995855468123,1728
5.922098704047585e-05,1729
0.000714264614231297,1730
1.0487610779819079e-11,1731
0.001324510300264592,1732
0.0023779113367226046,1733
0.004340987938206808,1734
0.012077652434939523,1735
0.007303637024804743,1736
0.01433987734392872,1737
0.013470160347324622,1738
0.0020036489198531626,1739
0.004269925637458982,1740
0.00984566916174856,1741
0.0027534474413783983,1742
0.011210449674493361,1743
0.002125716286542456,1744
0.026320517116730002,1745
0.005437691811934542,1746
0.0012940290239242813,1747
0.00552512983880149,1748
0.0004056298272701042,1749
0.0007638032513312965,1750
0.012725161340625846,1751
0.0006010577219512925,1752
0.003212795731855067,1753
0.006964849140899787,1754
0.0005132919580432826,1755
0.0017961983388659064,1756
0.03397263641555526,1757
0.0038794717981858184,1758
0.03210754029944951,1759
0.00955297628583196,1760
0.0023449263820225497,1761
0.02501633837611905,1762
0.006595681824038024,1763
0.011174971174554571,1764
0.0013229702691859302,1765
0.006217172999200216,1766
0.009178308878219354,1767
0.017857535000601388,1768
0.0049606647148721095,1769
0.0036819954855928927,1770
0.01748746703127324,1771
0.0037768068473837957,1772
0.0035035479894673927,1773
0.0015883161371874621,1774
0.005002294179888622,1775
0.007193787439121024,1776
0.0029017277904017647,1777
0.011408904489201177,1778
0.005014901981965636,1779
0.012468061175965772,1780
0.0023565451598699383,1781
0.00892866660888103,1782
0.002061471831851236,1783
0.04355124550839662,1784
0.006426202427903149,1785
0.002100502682864658,1786
0.005774632471286623,1787
0.03306134297544361,1788
0.007922809719829615,1789
0.006874817135781086,1790
0.022480103654984873,1791
0.0009858231229031844,1792
0.00010956829324015871,1793
1.1652900866465643e-12,1794
7.815970093361102e-13,1795
0.013603278542035468,1796
0.0011052098666795018,1797
0.0016225988412088554,1798
0.0005544094446889858,1799
0.015247371552518985,1800
0.00013070728661546127,1801
0.0009667295962856315,1802
0.013880066740100006,1803
0.007661325932204477,1804
0.007923872644099106,1805
0.0071979479418189385,1806
0.000522491555329907,1807
0.008690708042351503,1808
0.004292661009458243,1809
0.022406787163149033,1810
0.01899581520437721,1811
0.018242533123853377,1812
0.04289324359670843,1813
0.0094248013860323,1814
0.002141331508354938,1815
0.003261686053448898,1816
0.007746664949479509,1817
0.030352315238118877,1818
0.02699745219364047,1819
0.0018737950493061817,1820
0.01244953440647123,1821
0.009385682668792583,1822
0.00040662349752551563,1823
0.008238790666368345,1824
0.017112306510142616,1825
0.001258353327202144,1826
0.0024840364012419514,1827
0.009278628701082425,1828
0.002507266359998539,1829
0.017449779396869758,1830
0.02402829630125325,1831
0.009293511952535027,1832
0.00026935144477135964,1833
0.021102352194475316,1834
0.0049165343226889036,1835
0.017591565616342564,1836
0.007476487536450804,1837
0.0024240129084347473,1838
0.0060849958579041186,1839
0.00847091009400458,1840
0.0003777937661340047,1841
4.831690603168681e-13,1842
0.003949112957414513,1843
0.010444550917469542,1844
0.006700597582820933,1845
0.0029298983184986582,1846
0.005415861315881898,1847
0.004902124279894338,1848
0.006388050943542112,1849
0.02311467827752267,1850
9.947598300641403e-14,1851
0.005427017805160972,1852
0.012149207660485217,1853
0.009080920996510145,1854
0.024995611731597478,1855
0.005521798501121111,1856
0.004632806795868305,1857
0.0023623809755690672,1858
7.915617943865527e-05,1859
0.012769861051481257,1860
0.0007018193659149574,1861
0.006603724465151117,1862
0.009764902903484085,1863
0.0015996442537584699,1864
0.0017844410207317196,1865
0.0012268974902696073,1866
0.010404694784426738,1867
0.005010233063487135,1868
0.0016941398091319115,1869
3.268496584496461e-13,1870
0.0060652096478861495,1871
0.0010502284124811467,1872
0.00846803130303897,1873
4.3242428944267886e-05,1874
0.005509425298569681,1875
0.015128349495682869,1876
0.01247898703458361,1877
0.0005542130482609764,1878
0.027059178231112924,1879
1.6626700016786344e-12,1880
0.0009330938444094272,1881
0.023256510234560324,1882
0.0011493801122099967,1883
0.0022973872771103743,1884
0.00020388836865947724,1885
4.973799150320701e-13,1886
0.02548071416990183,1887
0.012322274201636674,1888
0.002061345240562673,1889
0.018068551108555653,1890
0.0025890233918488548,1891
0.004946361481799499,1892
0.01693191865241772,1893
0.03696384590763557,1894
0.004436786817578309,1895
0.008117952790797744,1896
0.0013995888830180547,1897
0.01841272057670551,1898
0.0014380084054579356,1899
1.5631940186722204e-12,1900
0.0005130285378669441,1901
0.007876950009176653,1902
0.06669387256543757,1903
0.040555144694153,1904
0.010710366129586646,1905
0.01210327380506726,1906
0.02445743282142132,1907
0.001489714521412111,1908
0.018876902875987867,1909
1.602465917471818e-05,1910
0.02343390466896267,1911
0.0018104519933501706,1912
0.003305448294526059,1913
0.0034647436153392164,1914
0.033887959752846086,1915
0.005416192965270739,1916
0.00886720417305753,1917
0.013325811442086888,1918
0.000702224717983313,1919
0.00886711852903943,1920
0.0022764906038048593,1921
0.011792238786313192,1922
0.013893460312431216,1923
0.022402970358541552,1924
0.0041241388193640205,1925
0.00022478852727658705,1926
0.00808949861162489,1927
0.014877966173173718,1928
0.010269227566425343,1929
0.010852813978758036,1930
0.009988164531023358,1931
0.016589780092502338,1932
0.0005343954099004122,1933
0.00017103854341371516,1934
0.006837939669196658,1935
1.5347723092418164e-12,1936
0.02756290161450181,1937
0.007145684259967311,1938
0.02724708564342393,1939
0.0002925644219260448,1940
0.013045145059251695,1941
0.0023602519239886988,1942
0.007209648689837422,1943
0.0012714136205573823,1944
0.00205502882695896,1945
0.011836697505884786,1946
0.0011194705436707864,1947
0.0022118182349117887,1948
0.015695430745097383,1949
0.00202928240199185,1950
0.00044911116917489835,1951
0.0029568957441910015,1952
0.012162346275758296,1953
0.00454589775476677,1954
0.0036849587312843823,1955
4.263256414560601e-14,1956
0.03812054834331491,1957
0.0032429462148115817,1958
0.004429432770976405,1959
0.0008742488962383277,1960
0.0018324980556343462,1961
0.014503291821640119,1962
0.005838776190742578,1963
0.0001809729724442377,1964
8.526512829121202e-14,1965
0.011850092008145907,1966
0.0064010063899644365,1967
0.009584572911251144,1968
4.547473508864641e-13,1969
0.013655396316181623,1970
0.008324152059941525,1971
1.0942358130705543e-12,1972
0.026046930291769854,1973
0.026679023270276048,1974
0.021100596549672446,1975
8.100187187665142e-13,1976
0.0207265286442464,1977
0.0032416160261163895,1978
0.004771346985833702,1979
0.053702145492607656,1980
0.00260973250183838,1981
0.037955349401826766,1982
0.008654510881328292,1983
0.03334701288363817,1984
0.0008381838787983042,1985
0.008872129070113033,1986
0.006892969196428567,1987
0.0026546032449630275,1988
0.012384665294518982,1989
0.002801381090847599,1990
0.034682789117539414,1991
0.012142958218646527,1992
0.003387089720249037,1993
0.0008414739425717244,1994
0.0012008144905024665,1995
0.0029358594508011038,1996
0.004998535911980184,1997
0.002238570107323312,1998
0.0003289571094882149,1999
0.002890946612936318,2000
6.110667527536862e-13,2001
0.001165629414501268,2002
0.07247468181024885,2003
0.006785769683929743,2004
0.005892579277571031,2005
0.0005585206237981311,2006
0.007534296534387863,2007
0.004019477309270769,2008
0.00452018098368967,2009
0.0032130236470067075,2010
0.004020955264294912,2011
0.00109128180194773,2012
0.019472143929505137,2013
0.006134738808611928,2014
0.0011400601868700733,2015
0.0016939351376947798,2016
0.023749712416744728,2017
0.0014929479650618305,2018
0.006129925301550543,2019
0.011518403377635877,2020
0.00040668360188078623,2021
0.0075456259883139865,2022
0.005219356569966749,2023
4.547473508864641e-13,2024
0.016571626708397957,2025
0.006376945335119899,2026
0.004218290602821639,2027
0.01018020536577069,2028
0.0019274232104891098,2029
0.009933421581663993,2030
3.804820849495627e-06,2031
3.49437255522389e-05,2032
0.01639554746107308,2033
0.003148942917036379,2034
0.007769274102969348,2035
0.0035060920636169612,2036
0.0015965584283037515,2037
6.821210263296962e-13,2038
1.0700773600547109e-11,2039
0.024280349801642842,2040
0.0029080540868164917,2041
0.0026553211308737446,2042
0.0005780138345556907,2043
0.003554469956853268,2044
0.006176002742108722,2045
0.0003501475118241615,2046
0.002199989225360355,2047
0.06013059319781178,2048
0.0010897555324191899,2049
0.0003237577807908565,2050
0.00851155539089632,2051
0.004632253238256112,2052
0.003934416302215027,2053
0.015279785643812716,2054
0.01102553991333366,2055
0.0005448278752737679,2056
0.0008290331529678951,2057
0.00012982052410848155,2058
0.004124457906627299,2059
0.004255470090086533,2060
0.00852809689538958,2061
0.007877725917396106,2062
0.012714243976887474,2063
0.004807536761504139,2064
0.04912673138272794,2065
0.016753620517320655,2066
0.04204716176664647,2067
0.005900057396800662,2068
0.0007382772080575251,2069
0.002004218066204544,2070
0.006017571722296111,2071
0.010395943250756545,2072
0.0027894275057605,2073
0.015363950423420647,2074
0.0693162834281793,2075
0.017142094040025313,2076
0.004599891953304791,2077
0.043182915047140114,2078
0.012066716821323098,2079
2.4751202545303386e-05,2080
0.021205570486628744,2081
0.009254850597514519,2082
0.004243736455123326,2083
0.011664242103748279,2084
0.003109258294927031,2085
0.0013207061836908451,2086
0.0007807764122844674,2087
0.004917367800558736,2088
0.0033329623272493336,2089
0.006454937013501194,2090
5.6985527407960035e-12,2091
0.0021914575694097493,2092
0.0064840805902264265,2093
0.00806819801080394,2094
0.006462377789461016,2095
0.0051684190761278614,2096
0.010781153037612512,2097
0.011472256402655034,2098
0.009001419994191906,2099
0.0002052844884303795,2100
0.002550875507139949,2101
0.02583599855377372,2102
0.0059303475461121025,2103
0.003767298193608326,2104
0.0016178783522491358,2105
0.007204113156774383,2106
0.00905483544518404,2107
0.0077429873195171695,2108
0.0006732642500679731,2109
0.006197166541838328,2110
0.018713629576808444,2111
0.002853408504947197,2112
0.001177251939068924,2113
0.002839474679760201,2114
0.0055694074310963515,2115
0.006223982409693463,2116
0.005266706451237724,2117
0.0004197671707686368,2118
0.01837862261157852,2119
0.010244200439501583,2120
0.015168947224594831,2121
0.008709862676383295,2122
0.012796327060883073,2123
0.014786100775069144,2124
3.268496584496461e-12,2125
0.0027035971249205204,2126
0.01519609793950849,2127
0.021726494397299234,2128
0.029364192230360686,2129
0.005374338570902637,2130
0.01351416743999323,2131
0.04397996300049556,2132
0.010400366899773417,2133
0.004370805277417844,2134
0.003817027397815309,2135
9.239590411880272e-05,2136
0.0031366348690653467,2137
3.203906258875122e-05,2138
0.009782657215538393,2139
0.008720590630787228,2140
0.012986230996730797,2141
0.0035925971646832977,2142
6.060724032863618e-06,2143
0.015598658013871614,2144
0.004332820172123775,2145
0.004165633111171019,2146
0.016082842147170595,2147
0.0053730898659978266,2148
0.020148159376674357,2149
0.037195182719628406,2150
0.004561576806594303,2151
1.8431478565617e-11,2152
0.0005966446054515018,2153
0.01025811057056103,2154
0.00945050565402994,2155
0.00961527703509546,2156
0.0007182688840288165,2157
0.0024220443141018677,2158
0.009518503424303049,2159
0.0036614197872495424,2160
0.0017872455952669952,2161
0.001382445026536061,2162
0.012653906799371839,2163
0.0012550631028744874,2164
0.009790891613860708,2165
0.010361719881842646,2166
0.004685737965559156,2167
0.009896677808526988,2168
0.015060204858784232,2169
0.020419608377224563,2170
0.0006145867056943644,2171
0.001334127091027426,2172
0.001113695698080619,2173
0.007694124885162523,2174
0.0010657014706509926,2175
0.004049353629483221,2176
0.008815609682571335,2177
0.007342138257314446,2178
8.749627242821134e-05,2179
0.005938203898452343,2180
0.007629925483598754,2181
0.01822065127987571,2182
0.011489493715657773,2183
0.008071597790859641,2184
0.0011503800161136724,2185
0.022105664350888787,2186
0.006984616590671067,2187
0.0011737812480845378,2188
0.016531805051428705,2189
0.012144148299270796,2190
0.010192303507935208,2191
0.018203569096129968,2192
0.0006882550339071258,2193
0.015434994075292252,2194
0.005033473450339443,2195
0.011364787645334218,2196
0.0013903592991226787,2197
0.006070472566676699,2198
0.06844967382434675,2199
0.017732279648072335,2200
2.7407464258999426e-05,2201
0.001993617148514204,2202
0.015936979436929732,2203
0.004059986088591927,2204
0.001100917507073973,2205
0.03475670543089393,2206
0.0022709583135451794,2207
0.004079187381748284,2208
0.0006363752949170021,2209
0.004131327224257575,2210
0.00546880485099166,2211
0.011907704147304798,2212
0.01455958806087665,2213
0.006655271353594117,2214
0.00520758006956612,2215
0.006396114367035466,2216
0.0058116860432164685,2217
0.0030417808744687136,2218
0.010695574731272472,2219
0.011158210245312716,2220
0.0054791306582586685,2221
0.009810417201521204,2222
0.0028303602398693783,2223
0.06017121198362929,2224
0.007949858666179921,2225
0.0013875516529253673,2226
0.01286065482604215,2227
0.0006525579167799833,2228
0.001531466534160586,2229
0.013412380298134963,2230
0.00700728403097628,2231
0.009378484401764808,2232
0.006781433691713801,2233
6.997953605036855e-05,2234
0.01864659174881922,2235
0.004645902168277871,2236
3.268496584496461e-13,2237
0.0009780525702893783,2238
0.0308832383437192,2239
0.0034660191590063505,2240
0.004317751256962765,2241
0.003298684986887679,2242
0.012345717548797097,2243
0.008461444941644913,2244
0.003190673669962507,2245
0.0035682106013155135,2246
0.004005215753721814,2247
0.0003245341475093255,2248
0.025653424553766513,2249
0.005015539611321174,2250
0.001438472629700982,2251
0.0021284203817941716,2252
0.007539567374237777,2253
0.005974099749792572,2254
0.00031529982538813783,2255
2.5792701308091637e-11,2256
0.005453098840362713,2257
0.03128475434061784,2258
0.002352923867150025,2259
0.025384899814753226,2260
0.012368716146099246,2261
0.0028142832258595263,2262
0.01125044795787744,2263
0.0012840409396801533,2264
0.006631695349312849,2265
0.013233823704496217,2266
0.009743063592040357,2267
0.02457081887673951,2268
0.0010611433286555894,2269
0.0006583244622646589,2270
0.016087756863797154,2271
0.024890067847792352,2272
3.694822225952521e-13,2273
0.05104412183239049,2274
1.0089706847793423e-12,2275
0.016224786960535198,2276
0.001058198052604098,2277
0.000631508529892244,2278
0.008021520248604475,2279
1.541536107652064e-07,2280
0.0197810176485973,2281
0.0038781312348419306,2282
0.00032423096047295985,2283
0.002562599531813703,2284
0.017215287991902528,2285
0.0038757794240638077,2286
0.0015584255998390972,2287
0.0037816255569822488,2288
0.003312981042284946,2289
0.0025970138638342632,2290
0.0007598381020272882,2291
6.45233047862348e-05,2292
0.00046009633882704293,2293
0.000572970595541733,2294
0.0014167334776686857,2295
0.001945270972910862,2296
0.0002594070508905588,2297
2.4158453015843406e-13,2298
0.006636148542696674,2299
2.842170943040401e-14,2300
0.04201855021079837,2301
0.006183435494449441,2302
0.00979761837616877,2303
0.003551986028526244,2304
0.016748573336954564,2305
0.007897267819174658,2306
0.006643058825446246,2307
0.0021525895985092802,2308
0.013088085607421363,2309
0.0014506470724739984,2310
0.020737311560182548,2311
0.0015873141346816055,2312
3.566924533515703e-12,2313
0.0025479944886939165,2314
0.00366441772975179,2315
0.007436804431023347,2316
0.005549261416135209,2317
0.01534400603381414,2318
0.0006968642768896416,2319
0.009165329868693561,2320
0.00590065379164173,2321
1.2988721209694631e-11,2322
7.773337529215496e-12,2323
2.1316282072803006e-13,2324
0.00039366174137001053,2325
0.008632624594156368,2326
0.0018941233015397074,2327
0.006673557470151081,2328
0.0003656126728799336,2329
0.0004570393382579141,2330
0.011266531835161686,2331
0.04351397942218682,2332
0.005017369098055724,2333
0.0035486905807431413,2334
0.00018802511648630116,2335
0.006434751864915711,2336
0.008224349531147368,2337
0.0133135379290934,2338
0.004604774122753952,2339
0.0006423105883612834,2340
0.002390269330547312,2341
0.014692847070875814,2342
0.008736126755934492,2343
0.0001967496944814684,2344
0.0004199326464799924,2345
0.001457442148989685,2346
0.001698511468646302,2347
0.00536661540989769,2348
0.011444930788911734,2349
0.02375671655094891,2350
0.004406537211522732,2351
0.00252663670036668,2352
0.001322170126599076,2353
0.02628476726756901,2354
0.009427505036654793,2355
0.0057365364222476956,2356
0.05943352227947685,2357
0.001723632773433792,2358
0.00020533851302673156,2359
0.0059055344189005154,2360
0.005746333875507048,2361
0.0076834163798338295,2362
0.004701391381942699,2363
0.005880709621749247,2364
0.0019378771678049134,2365
0.00548489054928325,2366
0.00977026718651075,2367
0.10118060930795991,2368
0.0002722726507471407,2369
0.001524784767795495,2370
0.004708666249769067,2371
2.182552861995646e-06,2372
0.0061584836933405995,2373
0.0037032952324835833,2374
0.01732672422019732,2375
0.011591799946245374,2376
0.002160575399457798,2377
0.001072451905855587,2378
0.0013721245450000197,2379
0.008142339704264145,2380
0.003480570791978721,2381
0.0020613935947721984,2382
0.013023231429713178,2383
0.0006589741671518823,2384
0.014789914612578059,2385
0.005704209646111735,2386
0.0101812946214892,2387
0.005786924252618064,2388
0.046159890032228645,2389
0.004917980806425248,2390
0.0014486838316116746,2391
0.0067076377413428645,2392
0.002333050315201035,2393
8.048081394917972e-05,2394
0.002589442286478061,2395
0.025763046864682337,2396
0.0036527505642709457,2397
0.009974279828952604,2398
0.009455130214405472,2399
0.005998745144765394,2400
0.004360225671447893,2401
0.005370846310881916,2402
0.038676437719701084,2403
0.0005762284909280879,2404
0.0018658265197615265,2405
0.004836956357664235,2406
0.01026791374793845,2407
0.001902523055122174,2408
2.7000623958883807e-12,2409
0.006894274017241742,2410
0.009934688337850162,2411
0.0075530987825942475,2412
0.012283784071669857,2413
0.0023697136223290727,2414
0.013635436362150699,2415
0.004906988257602052,2416
0.011548297912057137,2417
0.011704847587409972,2418
0.0036488930490179428,2419
0.022787363213453204,2420
0.005353078326436389,2421
0.006497968054958392,2422
0.011753122449746911,2423
0.008978559765623118,2424
0.0008071274219645375,2425
0.002799876576645488,2426
0.022480904261129808,2427
0.007471691901500321,2428
0.01098603937029452,2429
5.684341886080801e-13,2430
0.0030517847289246447,2431
0.0032516548973120507,2432
0.008157175782301351,2433
0.005082858133420132,2434
0.006625599466019594,2435
2.2737367544323206e-13,2436
1.0373923942097463e-12,2437
0.0009526849620158373,2438
0.006014601277200882,2439
0.06604304161612617,2440
4.911770085413991e-05,2441
0.0007970470649638628,2442
0.005557994987668735,2443
0.005917875187748223,2444
0.002748388324320672,2445
0.008440132333745964,2446
0.004493111733680166,2447
0.018986835139401137,2448
0.00895113871395381,2449
0.001947252614286299,2450
0.005369015854427062,2451
0.0051562331186687516,2452
0.011653803270178287,2453
0.002735727812847699,2454
0.002326707092990432,2455
0.005449308991913426,2456
0.010734510958840815,2457
0.0008021484069473672,2458
0.0037459641573889257,2459
0.02308770480723865,2460
0.002182698362986457,2461
0.028681768674374553,2462
0.0010883595649175959,2463
0.0001278353549878375,2464
0.0004269849667366543,2465
0.007024337311250406,2466
0.009850964740252266,2467
0.014054432740906009,2468
0.0033331064641544117,2469
0.011947549596555973,2470
0.0028940470422043063,2471
0.006760162260178504,2472
0.013190473370798372,2473
0.0019740771890468523,2474
0.021248274346433504,2475
0.01240044940945495,2476
0.01718810459412623,2477
0.014706015605739253,2478
0.018057238509570084,2479
0.0023504739214530446,2480
0.005070473986137358,2481
0.0008319507952450067,2482
5.355667317985535e-05,2483
0.0035381090857384834,2484
0.0011951442525770517,2485
0.0061591109732859195,2486
0.015911031219630445,2487
0.02209042382581572,2488
0.0006661001342820327,2489
0.005790674304165577,2490
0.02029785127650996,2491
0.003601821188112808,2492
0.004932081683392653,2493
0.026738020174960297,2494
0.005564263471271147,2495
0.0005269490842039204,2496
0.0023697949034158228,2497
0.0022310960434879235,2498
4.114353238549029e-05,2499
0.007805960482713203,2500
0.00844247645734697,2501
0.0014882029110481199,2502
0.013987175188503898,2503
0.0023054783619613772,2504
0.002308999135593126,2505
0.001573307204324692,2506
0.01822498142988138,2507
0.014795006807233335,2508
0.019274077058994976,2509
0.0019194617484714627,2510
0.014022648218585232,2511
0.011753965127851984,2512
9.37826456492985e-08,2513
0.00012688904040203397,2514
0.000478908642804754,2515
0.0181972877618648,2516
0.001134299892441959,2517
0.04201554627496762,2518
0.0010062709870055642,2519
5.542233338928781e-13,2520
0.004209605382385462,2521
0.012644741059631315,2522
1.9895196601282805e-13,2523
0.00938675856376392,2524
0.0007776899633142875,2525
0.011745433489693369,2526
0.0020731969856200294,2527
0.005838689632696514,2528
0.01241945516547105,2529
0.00793169164256824,2530
0.003953648640276697,2531
0.015660661710683144,2532
0.009271801044434369,2533
0.04296274647056464,2534
0.006070013418707276,2535
0.007852459836527714,2536
0.005981303291719087,2537
0.013350470704637019,2538
0.009715288396904498,2539
0.0031218737066325275,2540
0.00268215326087784,2541
0.002191869041979544,2542
0.01049918408261874,2543
0.002046994314270023,2544
0.00834708924200811,2545
0.03418562131005842,2546
0.01665562506903484,2547
0.005358399118350121,2548
0.0013075467177969813,2549
0.004380097256543536,2550
0.003483659211681811,2551
0.003625763765199963,2552
0.0037969774752610874,2553
0.0017350785091139187,2554
0.009720041688424885,2555
0.030258217329247827,2556
0.012534974611185135,2557
0.002583267468466488,2558
0.004627796309250698,2559
0.013036020365419176,2560
0.00456960617390223,2561
8.384404281969182e-13,2562
0.004253268354574402,2563
2.984279490192421e-13,2564
0.005847847014706531,2565
0.007022593990129167,2566
4.263256414560601e-14,2567
0.0029036463054268324,2568
0.012604843493122075,2569
0.0041271572460743755,2570
0.002199318883867818,2571
0.08036680863270362,2572
0.0055922522398503816,2573
0.01989643280982989,2574
0.0021685629424155195,2575
0.007253222240919399,2576
0.02485889862165891,2577
0.0005901448919871655,2578
0.004043162543680978,2579
0.0153053851737468,2580
0.009244797047941233,2581
0.008417428588728626,2582
0.008724438388213684,2583
0.029290348263188548,2584
0.0026411599073412617,2585
0.0333269959554201,2586
0.006131219802526289,2587
0.0024912043958522645,2588
0.0005861594559775085,2589
0.007970240261371941,2590
0.005087232541782782,2591
0.007758676649174845,2592
0.006863873763080619,2593
0.005655628007474434,2594
0.01080911971122589,2595
0.02313059441974019,2596
0.0045634482663672316,2597
0.0006761498245424491,2598
0.029694273827544748,2599
0.0007681921012903103,2600
0.0049707917132622015,2601
0.009334216359462744,2602
6.963318810448982e-13,2603
0.0004568244683582634,2604
0.008717087351371333,2605
0.005235004072872584,2606
0.006462188335916608,2607
0.004850816689440762,2608
0.01484801955368198,2609
0.006665685446222369,2610
0.003142028333670055,2611
0.008470818546641112,2612
0.012062558005141,2613
0.009969827952943433,2614
0.016533862296199686,2615
0.0008404276536282396,2616
0.00043531362246085337,2617
0.024269607045980024,2618
0.00463968544788429,2619
7.531752999057062e-13,2620
0.0050228648301668954,2621
0.004071180867740054,2622
0.0022873565905427995,2623
0.013796308918799127,2624
0.007981249280291536,2625
0.012420401637385226,2626
0.0075555432251519505,2627
0.020938987225747496,2628
8.241806365560933e-05,2629
0.0030340280976304257,2630
0.04695525395403877,2631
0.0033045163368115027,2632
0.003812238857804573,2633
0.0019236514576164154,2634
0.0044009253179098096,2635
0.008675552667455122,2636
0.00022400986649984134,2637
0.006128029899628018,2638
0.0071821018302244966,2639
0.0103432227879523,2640
0.008172109619437151,2641
0.009423472874729555,2642
0.0031783979896715664,2643
0.0017560301458274807,2644
0.001034029271480108,2645
0.0019357817181173687,2646
1.6115109247039072e-11,2647
0.0011137542287116275,2648
0.002345021974903716,2649
0.0004741401805148371,2650
0.00445419837619454,2651
0.0037636969334187143,2652
0.00759273700376184,2653
0.013230116212639587,2654
0.0026651998176419056,2655
0.005339754275610176,2656
0.005817222538254896,2657
0.0012209239897345014,2658
0.012047473613165494,2659
0.0031775145372989755,2660
0.0009943242924919105,2661
0.012315013122019991,2662
0.005193897627094657,2663
0.02023837564166797,2664
0.009750659195503886,2665
0.016345295102340174,2666
0.011340310373086027,2667
0.010908998209472998,2668
0.01598292640296961,2669
0.00242741881584152,2670
0.01255714215042758,2671
0.012436003235038129,2672
0.024267835381294844,2673
0.006000423118550202,2674
0.0006551228051279168,2675
0.009123188234411828,2676
0.007058359048798479,2677
0.013219022927415836,2678
0.0068148224168993465,2679
0.015836970962979535,2680
0.002630345030894432,2681
0.06457046910131226,2682
0.0026016307499645563,2683
0.002268636025377191,2684
0.016304040116310148,2685
0.03806345859517535,2686
0.023716143094418385,2687
3.552713678800501e-13,2688
0.005119677052817906,2689
0.0009862431852099007,2690
0.04355086326283697,2691
0.00019350071767121335,2692
0.011744285338053828,2693
0.0010802959165658876,2694
0.0020071284926501676,2695
0.007314429725909122,2696
0.0018314074487335574,2697
0.013828234467297307,2698
0.012009477942285685,2699
0.007219164441409021,2700
0.0019509810637146074,2701
0.024496860707870383,2702
0.002493762938115651,2703
0.010049775590914578,2704
0.024629424353335594,2705
0.00944392107894032,2706
0.005471779733653648,2707
0.0009150058929492388,2708
0.003180703768038029,2709
0.006272589678829377,2710
0.006534413780144632,2711
0.0017711734752623443,2712
0.0010546877627177764,2713
0.004993553904014902,2714
0.00013815910912740037,2715
0.0018798602694403144,2716
0.020535695480276672,2717
0.0029188125799635145,2718
0.014066957568687144,2719
0.0023561221288588285,2720
0.0034560996732153626,2721
0.0008836160096876711,2722
0.003473608495625058,2723
0.00869260007911521,2724
0.0062032873729549465,2725
0.0006550600626269443,2726
0.014652858763412269,2727
0.005632356940594718,2728
0.012121543367641152,2729
0.0028462694905329045,2730
0.0012036787284444017,2731
0.0024123536092162112,2732
0.004905261625339108,2733
0.0130932676143658,2734
0.00423552652473802,2735
0.0041694085150965066,2736
0.02209823825612034,2737
0.024587324945926525,2738
0.0009029803870106434,2739
0.0027307407307830545,2740
0.00873553833704932,2741
0.0007574953213804747,2742
0.026350547658466894,2743
0.0102383698750117,2744
0.04836354494257478,2745
0.005426712079383833,2746
0.003283303970505358,2747
0.001713927684491523,2748
0.003236257293067979,2749
4.163780431554187e-12,2750
0.0009227363702279945,2751
0.02013676165910283,2752
0.009555986698330798,2753
0.004821699017981018,2754
0.0011122282890880797,2755
0.006394125935216266,2756
0.0023165408533145637,2757
0.006288461753200636,2758
0.004385911594170011,2759
0.0008017513478222327,2760
0.00284860974100809,2761
0.009054067774215468,2762
0.005169338101509879,2763
0.002887016648898566,2764
0.003719033242447267,2765
0.013319203873322749,2766
0.0010369981251585614,2767
0.014052911321797978,2768
0.0017331281017192168,2769
0.0037398599561981882,2770
0.0006003001182364187,2771
0.004864236659543053,2772
0.006333970758333862,2773
1.1652900866465643e-12,2774
0.007458864159232803,2775
0.009735185678167113,2776
0.010593224689813496,2777
0.0048293081404438,2778
0.004298105964537058,2779
0.004809711932182381,2780
0.000926517060918286,2781
0.0008716210947028458,2782
0.0032266901309867535,2783
0.0021075658182354573,2784
0.0017395005308742384,2785
0.0003313531484110399,2786
0.0025951630082516886,2787
0.013405361427118123,2788
0.01046704256472708,2789
2.7284841053187847e-12,2790
0.0001684337524352486,2791
0.019152697228093984,2792
0.017335681864977914,2793
0.010263569841882259,2794
0.005007578408523727,2795
0.018821961756501082,2796
0.018452197758222155,2797
0.002040110061301448,2798
0.0033667991337296144,2799
0.01016005143085863,2800
0.008861001378349442,2801
0.00037329410891118187,2802
0.0002858751305865326,2803
0.019370351956979448,2804
0.0029591322040687373,2805
0.00716694737035084,2806
0.00521277083501559,2807
0.0049840947247759,2808
0.010542481431613737,2809
0.009822614394082052,2810
0.01219445010694642,2811
0.0014895777072609917,2812
0.011425368728680496,2813
0.0019188639846987599,2814
0.015975983910095692,2815
0.001165545289850911,2816
0.00013888902397241054,2817
0.0019981616742512642,2818
0.0015224133386766425,2819
0.00013622746608632497,2820
0.013881956111546856,2821
0.0024954382305253375,2822
0.011466284491945089,2823
0.000597598085022355,2824
0.0005545950117920029,2825
0.003306117631154848,2826
0.0004582922939988521,2827
0.00945683279414311,2828
0.004083816598011936,2829
0.04206798204066331,2830
0.0010715004852812626,2831
0.0014861147083280457,2832
0.002448643153243779,2833
0.007856103760047972,2834
0.005008305917783673,2835
0.01788930852013948,2836
0.0004208550771949149,2837
0.030898131994902656,2838
0.0017614322680827854,2839
0.0006178437397892367,2840
0.003799137149087528,2841
0.001141390475666526,2842
0.004040237328609919,2843
0.018109957645179975,2844
0.00867381785884902,2845
0.015205033510341082,2846
0.007786095586709507,2847
0.007392030553148743,2848
0.00032412793369474,2849
0.007012631737168817,2850
0.005708019188531921,2851
0.00681984093999688,2852
0.009010921612770062,2853
0.003926000907497951,2854
0.006405612214592793,2855
0.009990151018726579,2856
0.0035281976718408714,2857
0.0033577511456144293,2858
0.008558231550864548,2859
0.034717813411930365,2860
0.0040143585982264085,2861
0.012194699397127806,2862
0.014504916918596678,2863
0.00913692300935054,2864
0.0023811574876333452,2865
0.0031389483042829625,2866
0.013440473707362344,2867
0.00833105582002247,2868
0.005452416177888608,2869
0.0036845839293135896,2870
0.008074895948709582,2871
0.0015729509361221972,2872
0.0014120404517257157,2873
0.00024416258629855747,2874
0.006960128907877561,2875
0.0027647431114843357,2876
0.008472381414236452,2877
0.07285080807233157,2878
0.0015635758479817241,2879
0.01612631288340083,2880
0.006504229011127904,2881
0.006899481581356781,2882
0.007266315217179908,2883
0.005314989965341965,2884
0.014050333472454213,2885
0.0018127661738986944,2886
0.0024205081846560006,2887
0.008883533418213574,2888
0.0007582345924248557,2889
0.0014159461696436892,2890
0.0010644880530890077,2891
0.02536673656675248,2892
1.9184653865522705e-12,2893
0.022552147121658095,2894
0.016455951220152087,2895
0.001813387758772933,2896
2.2158182474640853e-05,2897
0.003795749979715879,2898
0.0014658627524823942,2899
0.005796602673655116,2900
0.005285097456606991,2901
0.03960767018284628,2902
0.0034500347746302396,2903
0.014167836161220748,2904
1.5631940186722204e-13,2905
0.0057575471694946145,2906
0.010982409265182014,2907
0.01757242791666158,2908
0.005135865846511933,2909
0.0065618239772362585,2910
0.0010284087337169012,2911
0.0016445401796971737,2912
0.009220504276001407,2913
0.0012759320370321348,2914
0.00010806229825277569,2915
0.012920466187139823,2916
0.0003388799269714582,2917
0.03834549281964428,2918
0.002866853909438305,2919
0.00773968728721286,2920
0.018683245207782306,2921
0.002414717397499544,2922
0.0023222650438725623,2923
0.005659545393740473,2924
0.01581935349157959,2925
0.0037558414936569307,2926
0.0044684265334637985,2927
0.03299185658251247,2928
0.006871458742409686,2929
0.09945234662737334,2930
0.01620279792915369,2931
0.015172522463146265,2932
0.015047566138719048,2933
0.014879588950677203,2934
0.00187026347427377,2935
0.0025585059534023458,2936
0.00556041884226488,2937
0.0001421819895739418,2938
0.0082648242794221,2939
0.0023590248331544217,2940
4.2054706781868845e-05,2941
0.002193768216756098,2942
0.005552158695806497,2943
0.006487155175321391,2944
0.0044611498081224,2945
0.0007409587272917406,2946
0.00028196604083063903,2947
0.005148229109636304,2948
0.005357518487215884,2949
0.007627901227564848,2950
0.06217070207186737,2951
0.00256826265051302,2952
0.018032614220217624,2953
0.00028104686957419744,2954
0.004136888486343082,2955
0.004132190646416234,2956
0.0005315580835940636,2957
0.004370910941844386,2958
0.004140749754611761,2959
0.00199472209432372,2960
0.006689896833634634,2961
0.01763196987911897,2962
0.0019379639372516522,2963
0.0022215752023697632,2964
0.003030034743289889,2965
0.008748277479185163,2966
0.022081811640774163,2967
0.01078535641160272,2968
0.0015982953722186721,2969
0.002783258699679436,2970
0.003139248346144541,2971
0.009510317271448798,2972
0.0036534663165781467,2973
0.004689455027531153,2974
0.006204527984849051,2975
0.003168849338138102,2976
0.004764346618472359,2977
0.010440046523783053,2978
0.029477628101915343,2979
0.0027877710181485327,2980
0.00034226735631648353,2981
0.0025739246036806662,2982
0.002753126347428747,2983
0.005899778689126833,2984
0.004455219600131954,2985
0.01648111794936824,2986
0.011157257382066632,2987
7.583283579037925e-05,2988
0.005339129179930069,2989
0.012744584329624331,2990
0.0062354763099392585,2991
0.0049360157586875175,2992
0.00044134563398756654,2993
0.007643521028924738,2994
0.020549785013471933,2995
0.016055805175369642,2996
0.00271386777039595,2997
0.0197783002799099,2998
0.012272472724902173,2999
0.0016041301936127184,3000
